gallup_palette <- c("#007934", "#61C250", "#C3E76F", "#A0A19E", "#7D7F7E", "#404545")
