tab_palette <- c("#006BA4", "#5F9ED1", "#A2CEEC", "#FFBC79", "#FF800E", "#C85200", "#595959")
